# network configuration
2
10 10 10 10
1
# network weights
-27,9007222484946 -20,1902012592553
10,0641472963238 35,4890150967585
-25,6621023533509 -16,887412234011
-11,4120497105401 3,92425300630733
-25,967516010943 -16,8789259804581
10,4011698329673 36,1977219302217
-20,0044952780875 -8,5644824741739
1,80976367354475 23,3079397288849
9,21868500576439 34,5847166362394
-29,5014565114918 -22,0566982781296
-1,28198535805444 -0,615589461160814 -1,14555541250648 -0,933528959803395 -1,13635401903991 -0,902786739131604 -1,35647383763253 -0,956291574438192 -0,952031161912279 -1,00217222155716
-2,98761454169051 1,06412197692403 -3,09703244098226 -0,977699516033907 -3,02924458003285 1,35531347356647 -2,15615364103722 0,464267936739699 1,04693026842108 -3,0384594257201
-1,64111545442778 -1,99870746477397 -1,61379715882005 -1,90867766144368 -1,79266365916572 -1,72823086477801 -1,88334164293074 -1,66952952790301 -1,72553796695125 -1,72940442003143
-3,03163540118591 1,19932166554661 -3,06333168398478 -1,15657744954306 -2,82370818596424 0,954028191843495 -2,20323881031689 0,824950369240055 1,0845097724871 -3,06136350007304
6,28566596096115 -6,72000102981158 4,93293338154153 0,74574364902022 5,14365900868349 -7,16040608569517 2,85137993751287 -2,27591061644322 -5,84170120298453 7,7057096968186
-1,43804739742179 -1,60455001327073 -1,33469365136169 -1,5647569607021 -1,4750003359596 -1,79200434975023 -1,61758997239294 -1,61915102438431 -1,3255522318609 -1,06839384414469
4,79962772362201 -4,27274813650274 3,53627311794488 0,490733504126024 3,69547473674524 -4,92769578002943 1,91505101354553 -1,63916238068795 -4,23042815076135 5,50761996549128
6,88128828425677 -7,03630422842313 5,33980982924031 0,849761571443999 5,42772342208821 -7,61449279445971 2,96598502342285 -2,26435306490802 -6,52493713763623 7,98394214488048
-1,58854147579073 -1,96793819831714 -1,53987120992157 -1,59517825958732 -1,85891328410565 -1,8315222331616 -1,45387222444945 -1,71252551824875 -1,855574526838 -1,7722277911255
-2,29170260144614 1,58810213306184 -1,76070799751602 -0,506732370662423 -1,98203255691678 1,92786111225525 -1,04185188287033 0,747846122124993 1,67532435331894 -2,17000289193229
-0,624872120691388 -1,23236495301704 0,662651694079622 -0,843322733803733 2,18549655265992 0,547024336535393 0,538746109984078 2,26973627769677 0,68613252101497 -0,934842642956997
-0,400515996502799 -0,991922727408355 0,686132950001108 -1,04126039506088 2,12289315130465 0,43220954024937 0,489339916861404 2,31880645291706 0,439502593298393 -1,1886290858201
-0,212496219577537 -0,747690624586092 0,364593684575872 -0,831657779846598 1,90281178505432 0,44445945695555 0,853279466985606 2,0570013463585 0,615414470861163 -1,24567656083981
-0,591875287093573 -1,07838474780868 0,382841300236488 -0,864351523105647 2,08752257558449 0,455435837017564 0,261553825655374 2,6537931101758 0,149375779736688 -1,42368842324723
-0,606486395423779 -0,734548694781272 0,695145097284994 -0,713283120804218 1,97302879257743 0,650273808661046 0,548274289863403 2,28778420698326 0,632515868752034 -1,29374008128477
-0,542131368069667 -0,985614186606458 0,283448866741462 -0,866417932324393 1,95130953691096 0,250453221306131 0,725899514848027 2,28865003837489 0,291442135727606 -0,804883733347911
-0,631164764263785 -1,0265641555934 0,535563430369395 -1,11546882750277 1,99658360104336 0,391925360847764 0,789018796614267 2,31023677444483 0,624577994160664 -0,932472695035633
-0,385383642298102 -0,667866855494175 0,641151123071072 -0,942581843958819 1,77742559040602 0,464567890533303 0,944568548710099 2,09880363352082 0,641895589647175 -1,13620997927458
-0,355292638356799 -0,987168156940369 0,651637060883167 -1,01951986720035 1,91474813447545 0,298729148609134 0,520433086420217 2,55566901680418 0,573599057314762 -1,13688474861364
-0,125343078734927 -0,539475173853417 0,496727305572913 -0,612935866665368 1,85776310344641 0,665897823853176 0,880857282043218 1,53518425741989 0,533218098553041 -0,444692769001125
0,513558987285623 0,581040916535617 0,504039040055041 0,569835821278687 0,523514541493512 0,337195477267992 0,268069045691787 0,281608101155529 0,372014422772857 0,119269739680109
-0,189571208757883 -0,138138728451571 -0,365428900807435 -0,286408077018413 -0,385318803715783 -0,328295425101627 -0,3110732311021 -0,371019876841168 -0,157330708033078 -0,17021530864994
0,679381013889291 0,508527201430848 0,202275542162751 0,465865285108942 0,235027909046703 0,254960520072416 0,460657594479521 0,496867321577659 0,360297987348039 0,236882361317298
-0,361943964924149 -0,235449811723133 -0,262350097661523 -0,60340987228636 -0,40566415046959 -0,241476084184092 -0,314940640295849 -0,519576865467604 -0,539993959861294 -0,39931283341664
0,22855044276552 0,655480081591453 0,412456023013694 0,713103220494936 0,627871241078809 0,326318156160402 0,615726839385544 0,124733418696885 0,682320410487295 -0,0743911625688628
0,620548421856254 0,629562072203981 0,280488958543235 0,50444080205562 0,332446163964967 0,409622972421363 0,446984355589432 0,429770591737626 0,471915655892828 0,177890971979661
0,549122009774499 0,357864799448733 0,510963972036649 0,511609164281457 0,159360611796983 0,349249023194216 0,684844935578774 0,607108976180923 0,222042894428307 0,24973428346923
-0,0973217842801421 -0,224492983027155 -0,268926877342947 -0,378517640648068 -0,394925676089975 -0,432369313345013 -0,278570720090601 -0,228870190173537 -0,140861074705451 -0,306450006047294
0,56828887260413 0,249839466012269 0,328362371257308 0,156433347602465 0,26710196033907 0,615802160417072 0,563861935596365 0,453604654574468 0,530481079949233 0,292830327854619
0,282484586365053 0,386115948778386 0,137234206010437 0,0853174535554488 0,186616410782217 0,420765640618173 0,235241304171875 0,143307572347112 0,325264928638188 0,267953681004155
-0,687960330473263 0,125845427056757 -0,497322532212979 0,377185938778379 -1,0239084195536 -0,933740987076047 -0,739079933687536 0,149035512293515 -0,552204955902171 -0,119486313280312
